0.806569, -0.339289, -0.484075, -0.026949, -0.839138, 0.543251, -0.590525, -0.425125, -0.685966,0.206617, 0.009779, 0.364022
-0.450550, -0.449640, -0.771252, 0.585834, 0.502973, -0.635466, 0.673649, -0.738134, 0.036800,-0.068635, 0.179695, 0.391115
-0.229677, 0.962075, 0.147175, 0.041137, 0.160679, -0.986149, -0.972397, -0.220442, -0.076481,0.010537, 0.170510, 0.395023
-0.489423, 0.091924, 0.867188, -0.581646, -0.775327, -0.246083, 0.649733, -0.624835, 0.432930,0.083880, 0.136431, 0.370043
0.300884, -0.953504, -0.017286, 0.936212, 0.298781, -0.185031, 0.181592, 0.039490, 0.982581,-0.156276, 0.019229, 0.433533
