-0.047553, 0.169665, 0.984354, -0.670820, 0.724741, -0.157324, -0.740094, -0.667805, 0.079351,0.121440, -0.028113, 0.274431
-0.582564, 0.811353, -0.048226, -0.577182, -0.371192, 0.727377, 0.572258, 0.451579, 0.684542,-0.112864, 0.002866, 0.485799
-0.259131, 0.916353, -0.305203, -0.954147, -0.193851, 0.228089, 0.149846, 0.350313, 0.924568,0.065637, -0.181965, 0.425892
