1, 8
-0.630127, -0.060992, 0.774093, 0.762767, -0.235227, 0.602374, 0.145348, 0.970025, 0.194746,0.048049, -0.033025, 0.309337
0,-1.189613679094520, -0.848244818049027, -0.345951946573806, 0.824077366946608, 2.282823122101390, -2.558973158291095, 
1,-1.189613679094520, 2.293347835540763, -2.795640707015984, -2.317515286643192, 2.282823122101390, -2.558973158291095, 
2,-1.189613679094520, -0.848244818049022, -0.345951946573802, -2.317515286643191, -2.282823122101390, 0.582619495298705, 
3,-1.189613679094520, 2.293347835540767, -2.795640707015988, 0.824077366946598, -2.282823122101390, 0.582619495298705, 
4,2.943937540054318, 0.848244818049017, -0.345951946573800, 2.025661230087286, 2.004770278930667, -0.873208435373856, 
5,2.943937540054318, -2.293347835540783, -2.795640707015990, -1.115931423502514, 2.004770278930667, -0.873208435373856, 
6,2.943937540054318, 0.848244818049024, -0.345951946573803, -1.115931423502512, -2.004770278930667, 2.268384218215944, 
7,2.943937540054318, -2.293347835540776, -2.795640707015987, 2.025661230087278, -2.004770278930667, 2.268384218215944, 
2, 8
-0.579043, 0.691713, -0.431558, 0.590815, -0.008756, -0.806759, -0.561825, -0.722119, -0.403605,-0.147213, -0.113814, 0.360342
0,2.393729925155637, -2.185682686167422, 1.495986374216626, 0.360629232721759, 1.583823442459110, -0.552951812744146, 
1,2.393729925155637, 0.955909967422368, 1.645606279373164, -2.780963420868041, 1.583823442459110, -0.552951812744146, 
2,2.393729925155637, -2.185682686167388, 1.495986374216632, -2.780963420868001, -1.583823442459110, 2.588640840845655, 
3,2.393729925155637, 0.955909967422402, 1.645606279373158, 0.360629232721788, -1.583823442459110, 2.588640840845655, 
4,2.322693491638606, 2.185682686167437, 1.495986374216626, -1.552602866266565, 1.626205137209543, -0.524193243708992, 
5,2.322693491638606, -0.955909967422364, 1.645606279373164, 1.588989787323225, 1.626205137209543, -0.524193243708992, 
6,2.322693491638606, 2.185682686167343, 1.495986374216628, 1.588989787323135, -1.626205137209543, 2.617399409880808, 
7,2.322693491638606, -0.955909967422457, 1.645606279373163, -1.552602866266666, -1.626205137209543, 2.617399409880808, 
3, 8
-0.064580, 0.920808, 0.384633, -0.902001, -0.218742, 0.372219, 0.426878, -0.322901, 0.844696,-0.047509, 0.089636, 0.390106
0,1.402875185012817, -1.624491333961486, -0.122661113739015, 2.754257829981392, 2.603452682495118, 0.072522552805498, 
1,1.402875185012817, 1.517101319628304, -3.018931539850775, -0.387334823608409, 2.603452682495118, 0.072522552805498, 
2,1.402875185012817, -1.624491333961485, -0.122661113739018, -0.387334823608407, -2.603452682495118, -3.069070100784292, 
3,1.402875185012817, 1.517101319628305, -3.018931539850772, 2.754257829981382, -2.603452682495118, -3.069070100784292, 
4,-0.652038195922195, 1.624491333961484, -0.122661113739016, 1.060065069418888, 1.956615602851235, -1.677755590912624, 
5,-0.652038195922195, -1.517101319628317, -3.018931539850774, -2.081527584170912, 1.956615602851235, -1.677755590912624, 
6,-0.652038195922195, 1.624491333961489, -0.122661113739013, -2.081527584170908, -1.956615602851235, 1.463837062677176, 
7,-0.652038195922195, -1.517101319628311, -3.018931539850777, 1.060065069418881, -1.956615602851235, 1.463837062677176, 
4, 8
-0.081659, 0.992290, -0.093228, -0.846807, -0.019747, 0.531533, 0.525594, 0.122351, 0.841891,0.053906, 0.135934, 0.336665
0,-0.156625972691436, -0.543383121490480, 0.988848447799682, 2.797569058787197, 2.799532902139371, 1.628583292551300, 
1,-0.156625972691436, 2.598209532099310, 2.152744205790108, -0.344023594802604, 2.799532902139371, 1.628583292551300, 
2,-0.156625972691436, -0.543383121490479, 0.988848447799680, -0.344023594802602, -2.799532902139371, -1.513009361038490, 
3,-0.156625972691436, 2.598209532099311, 2.152744205790110, 2.797569058787187, -2.799532902139371, -1.513009361038490, 
4,-0.517852067947396, 0.543383121490493, 0.988848447799668, -1.829152941703772, 3.038384675979627, 1.075504064559929, 
5,-0.517852067947396, -2.598209532099307, 2.152744205790122, 1.312439711886017, 3.038384675979627, 1.075504064559929, 
6,-0.517852067947396, 0.543383121490491, 0.988848447799668, 1.312439711886013, -3.038384675979627, -2.066088589029860, 
7,-0.517852067947396, -2.598209532099309, 2.152744205790122, -1.829152941703787, -3.038384675979627, -2.066088589029860, 
5, 8
-0.275092, 0.641848, 0.715790, -0.111097, 0.718306, -0.686800, -0.954977, -0.268456, -0.126293,0.041654, -0.037412, 0.272651
0,-0.954772949218750, -0.668397339182444, -0.556101473169875, -0.195915611582351, 0.718153238296509, -0.712330102920538, 
1,-0.954772949218750, 2.473195314407346, -2.585491180419915, 2.945677042007438, 0.718153238296509, -0.712330102920538, 
2,-0.954772949218750, -0.668397339182445, -0.556101473169870, 2.945677042007448, -0.718153238296509, 2.429262550669262, 
3,-0.954772949218750, 2.473195314407345, -2.585491180419920, -0.195915611582353, -0.718153238296509, 2.429262550669262, 
4,2.889899773834995, 0.668397339182448, -0.556101473169867, -2.601574705762830, 1.139644961381693, 1.255092970833577, 
5,2.889899773834995, -2.473195314407352, -2.585491180419923, 0.540017947826959, 1.139644961381693, 1.255092970833577, 
6,2.889899773834995, 0.668397339182444, -0.556101473169872, 0.540017947826968, -1.139644961381693, -1.886499682756212, 
7,2.889899773834995, -2.473195314407356, -2.585491180419918, -2.601574705762832, -1.139644961381693, -1.886499682756212, 
6, 8
-0.575224, -0.311792, 0.756243, 0.290953, 0.786061, 0.545394, -0.764503, 0.533754, -0.361444,-0.120005, 0.032761, 0.257490
0,1.863764950881539, -0.522090435028072, 0.134322166442873, -1.582958584165169, 0.351248683289101, -0.094554995980998, 
1,1.863764950881539, 2.619502218561717, 3.007270487146917, 1.558634069424620, 0.351248683289101, -0.094554995980998, 
2,1.863764950881539, -0.522090435028074, 0.134322166442873, 1.558634069424630, -0.351248683289101, 3.047037657608803, 
3,1.863764950881539, 2.619502218561715, 3.007270487146917, -1.582958584165170, -0.351248683289101, 3.047037657608803, 
4,0.815420389175410, 0.522090435028080, 0.134322166442874, -1.981813343363358, 0.592248439788816, -1.872040661173420, 
5,0.815420389175410, -2.619502218561720, 3.007270487146916, 1.159779310226432, 0.592248439788816, -1.872040661173420, 
6,0.815420389175410, 0.522090435028076, 0.134322166442872, 1.159779310226441, -0.592248439788816, 1.269551992416380, 
7,0.815420389175410, -2.619502218561724, 3.007270487146918, -1.981813343363359, -0.592248439788816, 1.269551992416380, 
7, 8
0.069327, 0.246431, 0.966678, -0.933722, -0.325128, 0.149847, 0.351221, -0.912997, 0.207558,0.065389, -0.016292, 0.367087
0,0.288163661956788, -1.338518738746639, -0.914537906646729, 1.935362609224862, 0.979481935501099, 0.670878322916578, 
1,0.288163661956788, 1.803073914843151, -2.227054746943061, -1.206230044364938, 0.979481935501099, 0.670878322916578, 
2,0.288163661956788, -1.338518738746648, -0.914537906646727, -1.206230044364928, -0.979481935501099, -2.470714330673222, 
3,0.288163661956788, 1.803073914843142, -2.227054746943063, 1.935362609224861, -0.979481935501099, -2.470714330673222, 
4,-3.092612238163350, 1.338518738746642, -0.914537906646731, -0.986654844742289, 2.460575348900726, -0.003037147262510, 
5,-3.092612238163350, -1.803073914843159, -2.227054746943059, 2.154937808847500, 2.460575348900726, -0.003037147262510, 
6,-3.092612238163350, 1.338518738746648, -0.914537906646733, 2.154937808847505, -2.460575348900726, 3.138555506327280, 
7,-3.092612238163350, -1.803073914843153, -2.227054746943057, -0.986654844742295, -2.460575348900726, 3.138555506327280, 
8, 8
0.826974, -0.237389, 0.509667, 0.084792, -0.843468, -0.530446, 0.555810, 0.481880, -0.677397,0.038897, 0.025654, 0.444671
0,1.380818128585817, -2.716606616973869, -0.955205678939834, -1.881842851638827, 0.036058664321914, -0.418658018112211, 
1,1.380818128585817, 0.424986036615920, -2.186386974649956, 1.259749801950962, 0.036058664321914, -0.418658018112211, 
2,1.380818128585817, -2.716606616973869, -0.955205678939833, 1.259749801950958, -0.036058664321914, 2.722934635477579, 
3,1.380818128585817, 0.424986036615921, -2.186386974649957, -1.881842851638842, -0.036058664321914, 2.722934635477579, 
4,-2.523733724029854, 2.716606616973877, -0.955205678939820, -2.019032150248663, 1.440539555807440, -2.772252574907423, 
5,-2.523733724029854, -0.424986036615924, -2.186386974649969, 1.122560503341127, 1.440539555807440, -2.772252574907423, 
6,-2.523733724029854, 2.716606616973887, -0.955205678939818, 1.122560503341121, -1.440539555807440, 0.369340078682367, 
7,-2.523733724029854, -0.424986036615913, -2.186386974649972, -2.019032150248679, -1.440539555807440, 0.369340078682367, 
9, 8
-0.463597, -0.508915, -0.725316, 0.008910, 0.815880, -0.578153, 0.886002, -0.274492, -0.373705,0.036890, -0.063095, 0.303269
0,-1.810912966728211, -0.483385952311110, -0.126317652063910, 2.317935228347784, 2.310946464538575, 0.024702223139350, 
1,-1.810912966728211, 2.658206701278679, -3.015275001525880, -0.823657425242017, 2.310946464538575, 0.024702223139350, 
2,-1.810912966728211, -0.483385952311106, -0.126317652063914, -0.823657425242015, -2.310946464538575, -3.116890430450439, 
3,-1.810912966728211, 2.658206701278683, -3.015275001525876, 2.317935228347775, -2.310946464538575, -3.116890430450439, 
4,-3.129515968943367, 0.483385952311107, -0.126317652063909, 1.560534752795313, 3.000759588238468, 2.186766902948704, 
5,-3.129515968943367, -2.658206701278694, -3.015275001525881, -1.581057900794487, 3.000759588238468, 2.186766902948704, 
6,-3.129515968943367, 0.483385952311108, -0.126317652063909, -1.581057900794487, -3.000759588238468, -0.954825750641086, 
7,-3.129515968943367, -2.658206701278693, -3.015275001525881, 1.560534752795302, -3.000759588238468, -0.954825750641086, 
10, 8
0.002543, -0.545446, 0.838142, 0.402699, -0.766622, -0.500124, 0.915329, 0.338791, 0.217700,-0.045994, 0.146591, 0.483751
0,0.404661866085053, -3.015873344736505, 0.645287903147305, 1.402137428025860, 0.270424654326252, -2.731096039495392, 
1,0.404661866085053, 0.125719308853284, 2.496304750442484, -1.739455225563940, 0.270424654326252, -2.731096039495392, 
2,0.404661866085053, -3.015873344736508, 0.645287903147305, -1.739455225563941, -0.270424654326252, 0.410496614094397, 
3,0.404661866085053, 0.125719308853282, 2.496304750442485, 1.402137428025848, -0.270424654326252, 0.410496614094397, 
4,0.253439426422111, 3.015873344736768, 0.645287903147386, 0.807947874069712, 0.320042610168457, -3.067134531335926, 
5,0.253439426422111, -0.125719308853032, 2.496304750442405, -2.333644779520089, 0.320042610168457, -3.067134531335926, 
6,0.253439426422111, 3.015873344736766, 0.645287903147384, -2.333644779520089, -0.320042610168457, 0.074458122253864, 
7,0.253439426422111, -0.125719308853034, 2.496304750442406, 0.807947874069701, -0.320042610168457, 0.074458122253864, 
11, 8
-0.798361, -0.536496, 0.273479, -0.314097, 0.758481, 0.571008, -0.513772, 0.369972, -0.774053,0.020648, -0.021884, 0.279011
0,-0.664794249905180, -0.496970327692581, -0.598141105967116, 0.646993354696576, 0.903923767091537, -1.365429089817829, 
1,-0.664794249905180, 2.644622325897209, -2.543451547622674, -2.494599298893224, 0.903923767091537, -1.365429089817829, 
2,-0.664794249905180, -0.496970327692577, -0.598141105967112, -2.494599298893215, -0.903923767091537, 1.776163563771971, 
3,-0.664794249905180, 2.644622325897213, -2.543451547622678, 0.646993354696574, -0.903923767091537, 1.776163563771971, 
4,-3.044382095336920, 0.496970327692579, -0.598141105967106, -2.911652715998239, 1.655157804489138, 0.004300117492670, 
5,-3.044382095336920, -2.644622325897221, -2.543451547622684, 0.229939937591551, 1.655157804489138, 0.004300117492670, 
6,-3.044382095336920, 0.496970327692577, -0.598141105967113, 0.229939937591555, -1.655157804489138, -3.137292536097119, 
7,-3.044382095336920, -2.644622325897223, -2.543451547622677, -2.911652715998246, -1.655157804489138, -3.137292536097119, 
12, 8
0.806569, -0.339289, -0.484075, -0.026949, -0.839138, 0.543251, -0.590525, -0.425125, -0.685966,0.206617, 0.009779, 0.364022
0,-1.385935672255549, -1.944913538294391, 1.335811050730301, -0.365969649509013, 0.716899930773023, -2.588305918647285, 
1,-1.385935672255549, 1.196679115295399, 1.805781602859489, 2.775623004080776, 0.716899930773023, -2.588305918647285, 
2,-1.385935672255549, -1.944913538294384, 1.335811050730297, 2.775623004080781, -0.716899930773023, 0.553286734942504, 
3,-1.385935672255549, 1.196679115295406, 1.805781602859493, -0.365969649509019, -0.716899930773023, 0.553286734942504, 
4,-1.640507817268376, 1.944913538294379, 1.335811050730295, -2.556638153391433, 0.737091064453125, -2.313700437545775, 
5,-1.640507817268376, -1.196679115295422, 1.805781602859495, 0.584954500198356, 0.737091064453125, -2.313700437545775, 
6,-1.640507817268376, 1.944913538294389, 1.335811050730299, 0.584954500198366, -0.737091064453125, 0.827892216044014, 
7,-1.640507817268376, -1.196679115295411, 1.805781602859491, -2.556638153391435, -0.737091064453125, 0.827892216044014, 
13, 8
0.870491, -0.247445, 0.425461, -0.377690, -0.890106, 0.255073, 0.315589, -0.382731, -0.868286,0.039615, -0.045976, 0.398764
0,-0.475483799277407, -2.119501980143139, -1.251285584765025, -1.336969092174392, 1.322320434012112, 2.079842583931357, 
1,-0.475483799277407, 1.022090673446651, -1.890307068824765, 1.804623561415398, 1.322320434012112, 2.079842583931357, 
2,-0.475483799277407, -2.119501980143117, -1.251285584765026, 1.804623561415380, -1.322320434012112, -1.061750069658443, 
3,-0.475483799277407, 1.022090673446672, -1.890307068824764, -1.336969092174420, -1.322320434012112, -1.061750069658443, 
4,1.254239797592160, 2.119501980143141, -1.251285584765025, 0.300626905756546, 0.236066579818727, 1.285751581192025, 
5,1.254239797592160, -1.022090673446659, -1.890307068824765, -2.840965747833255, 0.236066579818727, 1.285751581192025, 
6,1.254239797592160, 2.119501980143139, -1.251285584765027, -2.840965747833253, -0.236066579818727, -1.855841072397776, 
7,1.254239797592160, -1.022090673446661, -1.890307068824763, 0.300626905756537, -0.236066579818727, -1.855841072397776, 
14, 8
-0.450550, -0.449640, -0.771252, 0.585834, 0.502973, -0.635466, 0.673649, -0.738134, 0.036800,-0.068635, 0.179695, 0.391115
0,0.777842975699101, -1.565153837203975, 0.803958177566534, -2.556283065490787, 0.942065753944920, 2.458045090297618, 
1,0.777842975699101, 1.576438816385815, 2.337634476023256, 0.585309588099003, 0.942065753944920, 2.458045090297618, 
2,0.777842975699101, -1.565153837203980, 0.803958177566529, 0.585309588099008, -0.942065753944920, -0.683547563292171, 
3,0.777842975699101, 1.576438816385810, 2.337634476023261, -2.556283065490793, -0.942065753944920, -0.683547563292171, 
4,-0.119623422622688, 1.565153837203983, 0.803958177566516, 0.005101680755609, 0.743088960647581, 1.633012056350699, 
5,-0.119623422622688, -1.576438816385817, 2.337634476023274, -3.136490972834192, 0.743088960647581, 1.633012056350699, 
6,-0.119623422622688, 1.565153837203983, 0.803958177566521, -3.136490972834179, -0.743088960647581, -1.508580597239090, 
7,-0.119623422622688, -1.576438816385817, 2.337634476023268, 0.005101680755611, -0.743088960647581, -1.508580597239090, 
15, 8
0.907704, 0.317353, -0.274518, 0.222056, -0.918400, -0.327465, -0.356039, 0.236282, -0.904105,0.021576, -0.023500, 0.358071
0,-0.342721992918010, -0.998120697336738, -1.508885057764601, -1.710499056655517, 2.049557995730795, 1.074678414562110, 
1,-0.342721992918010, 2.143471956253051, -1.632707595825189, 1.431093596934272, 2.049557995730795, 1.074678414562110, 
2,-0.342721992918010, -0.998120697336640, -1.508885057764599, 1.431093596934181, -2.049557995730795, -2.066914239027690, 
3,-0.342721992918010, 2.143471956253149, -1.632707595825191, -1.710499056655619, -2.049557995730795, -2.066914239027690, 
4,0.028210878372188, 0.998120697336729, -1.508885057764599, 2.526108415918908, 1.804476022720340, 1.187250375747679, 
5,0.028210878372188, -2.143471956253071, -1.632707595825191, -0.615484237670893, 1.804476022720340, 1.187250375747679, 
6,0.028210878372188, 0.998120697336665, -1.508885057764596, -0.615484237670821, -1.804476022720340, -1.954342277842121, 
7,0.028210878372188, -2.143471956253135, -1.632707595825194, 2.526108415918968, -1.804476022720340, -1.954342277842121, 
16, 8
-0.519025, 0.823386, 0.229452, -0.310556, -0.431749, 0.846846, 0.796347, 0.368277, 0.479796,-0.119957, -0.160995, 0.391215
0,2.598973989486694, -1.241498859720760, 1.458964737253743, -3.084477901458730, 1.009965896606446, -2.943807276087361, 
1,2.598973989486694, 1.900093793869029, 1.682627916336047, 0.057114752131059, 1.009965896606446, -2.943807276087361, 
2,2.598973989486694, -1.241498859720762, 1.458964737253737, 0.057114752131064, -1.009965896606446, 0.197785377502439, 
3,2.598973989486694, 1.900093793869027, 1.682627916336053, -3.084477901458736, -1.009965896606446, 0.197785377502439, 
4,2.475955140296150, 1.241498859720811, 1.458964737253728, -0.652610331111905, 1.036000518247156, -3.043105030878359, 
5,2.475955140296150, -1.900093793868989, 1.682627916336062, 2.488982322477885, 1.036000518247156, -3.043105030878359, 
6,2.475955140296150, 1.241498859720779, 1.458964737253733, 2.488982322477859, -1.036000518247156, 0.098487622711441, 
7,2.475955140296150, -1.900093793869022, 1.682627916336057, -0.652610331111941, -1.036000518247156, 0.098487622711441, 
17, 8
-0.229677, 0.962075, 0.147175, 0.041137, 0.160679, -0.986149, -0.972397, -0.220442, -0.076481,0.010537, 0.170510, 0.395023
0,0.059822559356690, -2.652066143351133, 1.000486286478585, -1.274396181106553, 2.065519571304321, 2.879789980249945, 
1,0.059822559356690, 0.489526510238656, 2.141106367111205, 1.867196472483236, 2.065519571304321, 2.879789980249945, 
2,0.059822559356690, -2.652066143351144, 1.000486286478588, 1.867196472483228, -2.065519571304321, -0.261802673339844, 
3,0.059822559356690, 0.489526510238646, 2.141106367111203, -1.274396181106573, -2.065519571304321, -0.261802673339844, 
4,-0.262272946525140, 2.652066143351143, 1.000486286478589, -2.389534317128358, 2.005339426946572, 3.130297890833162, 
5,-0.262272946525140, -0.489526510238657, 2.141106367111202, 0.752058336461431, 2.005339426946572, 3.130297890833162, 
6,-0.262272946525140, 2.652066143351135, 1.000486286478584, 0.752058336461425, -2.005339426946572, -0.011294762756627, 
7,-0.262272946525140, -0.489526510238665, 2.141106367111206, -2.389534317128375, -2.005339426946572, -0.011294762756627, 
18, 8
-0.489423, 0.091924, 0.867188, -0.581646, -0.775327, -0.246083, 0.649733, -0.624835, 0.432930,0.083880, 0.136431, 0.370043
0,-0.448096513748169, -0.812872322397765, 1.285485657053540, -2.339996250467830, 2.627754926681520, -1.047826766967779, 
1,-0.448096513748169, 2.328720331192024, 1.856106996536250, 0.801596403121960, 2.627754926681520, -1.047826766967779, 
2,-0.448096513748169, -0.812872322397774, 1.285485657053537, 0.801596403121949, -2.627754926681520, 2.093765886622021, 
3,-0.448096513748169, 2.328720331192015, 1.856106996536253, -2.339996250467851, -2.627754926681520, 2.093765886622021, 
4,-0.690180920461140, 0.812872322397784, 1.285485657053532, -0.414379196950818, 2.593768895100514, -1.386925258986655, 
5,-0.690180920461140, -2.328720331192016, 1.856106996536258, 2.727213456638972, 2.593768895100514, -1.386925258986655, 
6,-0.690180920461140, 0.812872322397779, 1.285485657053535, 2.727213456638965, -2.593768895100514, 1.754667394603145, 
7,-0.690180920461140, -2.328720331192021, 1.856106996536255, -0.414379196950835, -2.593768895100514, 1.754667394603145, 
19, 8
0.870360, 0.181242, -0.457849, -0.461319, -0.025067, -0.886880, -0.172216, 0.983119, 0.061793,0.018945, 0.046500, 0.442331
0,1.262171703730316, -2.509723814325878, -0.518919380503245, 1.611953436736307, 1.297153315794514, 2.171451650727297, 
1,1.262171703730316, 0.631868839263912, -2.622673273086545, -1.529639216853493, 1.297153315794514, 2.171451650727297, 
2,1.262171703730316, -2.509723814325886, -0.518919380503244, -1.529639216853484, -1.297153315794514, -0.970141002862503, 
3,1.262171703730316, 0.631868839263904, -2.622673273086546, 1.611953436736306, -1.297153315794514, -0.970141002862503, 
4,-1.052651882171638, 2.509723814325875, -0.518919380503247, -0.250286491709304, 2.513232946395877, 1.260415792465213, 
5,-1.052651882171638, -0.631868839263925, -2.622673273086543, 2.891306161880486, 2.513232946395877, 1.260415792465213, 
6,-1.052651882171638, 2.509723814325876, -0.518919380503251, 2.891306161880494, -2.513232946395877, -1.881176861124587, 
7,-1.052651882171638, -0.631868839263924, -2.622673273086539, -0.250286491709306, -2.513232946395877, -1.881176861124587, 
20, 8
0.300884, -0.953504, -0.017286, 0.936212, 0.298781, -0.185031, 0.181592, 0.039490, 0.982581,-0.156276, 0.019229, 0.433533
0,1.853219743956513, -2.543036373453682, 0.884648712473460, 0.962268407108905, 1.610153105103974, 1.040586783784638, 
1,1.853219743956513, 0.598556280136107, 2.256943941116330, -2.179324246480896, 1.610153105103974, 1.040586783784638, 
2,1.853219743956513, -2.543036373453692, 0.884648712473456, -2.179324246480895, -1.610153105103974, -2.101005869805162, 
3,1.853219743956513, 0.598556280136098, 2.256943941116334, 0.962268407108894, -1.610153105103974, -2.101005869805162, 
4,1.384318113327021, 2.543036373453675, 0.884648712473456, -0.249981792765219, 1.925959825515751, 0.921419858932494, 
5,1.384318113327021, -0.598556280136126, 2.256943941116334, 2.891610860824571, 1.925959825515751, 0.921419858932494, 
6,1.384318113327021, 2.543036373453677, 0.884648712473449, 2.891610860824579, -1.925959825515751, -2.220172794657306, 
7,1.384318113327021, -0.598556280136123, 2.256943941116341, -0.249981792765221, -1.925959825515751, -2.220172794657306, 
avg time: 56.345000 ms   over 20 tests 
