1, 8
-0.863528, -0.097752, 0.494737, 0.450911, 0.289653, 0.844263, -0.225830, 0.952127, -0.206046,-0.064543, 0.147787, 0.419619
0,-2.189035240825656, 2.128293991088861, -0.309747457504273, 1.692662005040517, 1.497897478635306, 0.778284671662737, 
1,-2.189035240825656, -1.013298662500939, -2.831845196085518, -1.448930648549283, 1.497897478635306, 0.778284671662737, 
2,-2.189035240825656, 2.128293991088869, -0.309747457504273, -1.448930648549278, -1.497897478635306, -2.363307981927052, 
3,-2.189035240825656, -1.013298662500932, -2.831845196085517, 1.692662005040512, -1.497897478635306, -2.363307981927052, 
4,2.759498357772824, -2.128293991088864, -0.309747457504274, -0.172157200174883, 0.796727657318113, 1.466279538469856, 
5,2.759498357772824, 1.013298662500926, -2.831845196085516, 2.969435453414907, 0.796727657318113, 1.466279538469856, 
6,2.759498357772824, -2.128293991088865, -0.309747457504269, 2.969435453414916, -0.796727657318113, -1.675313115119933, 
7,2.759498357772824, 1.013298662500925, -2.831845196085521, -0.172157200174885, -0.796727657318113, -1.675313115119933, 
2, 8
-0.087443, 0.463999, 0.881509, -0.536817, 0.723474, -0.434065, -0.839155, -0.511165, 0.185820,0.035079, 0.015093, 0.244143
0,2.261515529168799, 0.003195198374430, 0.272895725565498, -0.441078850678474, 0.403883308045981, 2.381314870620074, 
1,2.261515529168799, -3.138397455215370, 2.868696928024292, 2.700513802911316, 0.403883308045981, 2.381314870620074, 
2,2.261515529168799, 0.003195198374429, 0.272895725565501, 2.700513802911325, -0.403883308045981, -0.760277782969715, 
3,2.261515529168799, -3.138397455215371, 2.868696928024289, -0.441078850678475, -0.403883308045981, -0.760277782969715, 
4,2.247883081435963, -0.003195198374429, 0.272895725565499, -0.420190723734160, 0.412814140319952, 2.391646623611589, 
5,2.247883081435963, 3.138397455215360, 2.868696928024291, 2.721401929855630, 0.412814140319952, 2.391646623611589, 
6,2.247883081435963, -0.003195198374430, 0.272895725565502, 2.721401929855640, -0.412814140319952, -0.749946029978200, 
7,2.247883081435963, 3.138397455215359, 2.868696928024288, -0.420190723734160, -0.412814140319952, -0.749946029978200, 
3, 8
-0.444996, -0.631200, 0.635268, -0.763212, -0.103802, -0.637756, 0.468494, -0.768643, -0.435548,0.007516, -0.000388, 0.405339
0,-1.147802233695985, 2.616414221125182, 1.356796654062809, 0.412767561274113, 2.306665658950805, -1.380064964294440, 
1,-1.147802233695985, -0.525178432464618, 1.784795999526981, -2.728825092315687, 2.306665658950805, -1.380064964294440, 
2,-1.147802233695985, 2.616414221125192, 1.356796654062814, -2.728825092315675, -2.306665658950805, 1.761527689295360, 
3,-1.147802233695985, -0.525178432464608, 1.784795999526976, 0.412767561274114, -2.306665658950805, 1.761527689295360, 
4,-0.360210611454717, -2.616414221125218, 1.356796654062820, 2.189699034969907, 2.466775012351881, -2.179434954923551, 
5,-0.360210611454717, 0.525178432464571, 1.784795999526970, -0.951893618619893, 2.466775012351881, -2.179434954923551, 
6,-0.360210611454717, -2.616414221125201, 1.356796654062817, -0.951893618619875, -2.466775012351881, 0.962157698666249, 
7,-0.360210611454717, 0.525178432464589, 1.784795999526973, 2.189699034969914, -2.466775012351881, 0.962157698666249, 
4, 8
-0.047553, 0.169665, 0.984354, -0.670820, 0.724741, -0.157324, -0.740094, -0.667805, 0.079351,0.121440, -0.028113, 0.274431
0,2.132082773984400, 0.762546928721025, -0.204834612207956, -1.775014883598977, 0.626462417741520, 0.396809966644867, 
1,2.132082773984400, -2.379045724868775, -2.936758041381834, 1.366577769990813, 0.626462417741520, 0.396809966644867, 
2,2.132082773984400, 0.762546928721021, -0.204834612207957, 1.366577769990823, -0.626462417741520, -2.744782686944923, 
3,2.132082773984400, -2.379045724868779, -2.936758041381833, -1.775014883598977, -0.626462417741520, -2.744782686944923, 
4,0.868727445602410, -0.762546928721022, -0.204834612207957, 0.375272750854495, 1.330978751182557, 1.070383699732371, 
5,0.868727445602410, 2.379045724868768, -2.936758041381833, -2.766319902735305, 1.330978751182557, 1.070383699732371, 
6,0.868727445602410, -0.762546928721019, -0.204834612207951, -2.766319902735297, -1.330978751182557, -2.071208953857418, 
7,0.868727445602410, 2.379045724868770, -2.936758041381839, 0.375272750854492, -1.330978751182557, -2.071208953857418, 
5, 8
-0.629675, -0.548237, 0.550405, 0.772358, -0.517946, 0.367688, 0.083500, 0.656634, 0.749573,0.103019, 0.143497, 0.341626
0,2.711483433659386, 1.068731697397766, -0.884154709177560, 1.942624784952107, 1.754446453991951, -1.151706203175703, 
1,2.711483433659386, -2.072860956192034, -2.257437944412230, -1.198967868637693, 1.754446453991951, -1.151706203175703, 
2,2.711483433659386, 1.068731697397776, -0.884154709177563, -1.198967868637696, -1.754446453991951, 1.989886450414097, 
3,2.711483433659386, -2.072860956192024, -2.257437944412227, 1.942624784952094, -1.754446453991951, 1.989886450414097, 
4,1.999412298202512, -1.068731697397773, -0.884154709177554, -2.172620773315434, 1.249637722969053, -1.209518822031572, 
5,1.999412298202512, 2.072860956192017, -2.257437944412236, 0.968971880274356, 1.249637722969053, -1.209518822031572, 
6,1.999412298202512, -1.068731697397781, -0.884154709177558, 0.968971880274368, -1.249637722969053, 1.932073831558228, 
7,1.999412298202512, 2.072860956192009, -2.257437944412232, -2.172620773315432, -1.249637722969053, 1.932073831558228, 
6, 8
-0.946985, -0.172939, -0.270760, -0.002096, 0.846070, -0.533068, 0.321271, -0.504239, -0.801578,-0.081426, 0.106414, 0.375066
0,-1.593568682670593, 1.511453541117253, 0.197812469797677, 1.236684083938599, 1.800704121589660, 2.148644598322456, 
1,-1.593568682670593, -1.630139112472548, 2.943780183792113, -1.904908569651201, 1.800704121589660, 2.148644598322456, 
2,-1.593568682670593, 1.511453541117259, 0.197812469797679, -1.904908569651194, -1.800704121589660, -0.992948055267334, 
3,-1.593568682670593, -1.630139112472541, 2.943780183792111, 1.236684083938595, -1.800704121589660, -0.992948055267334, 
4,2.531741841147999, -1.511453541117259, 0.197812469797686, -2.331584221051665, 0.560726649605312, 1.417176321668915, 
5,2.531741841147999, 1.630139112472531, 2.943780183792104, 0.810008432538124, 0.560726649605312, 1.417176321668915, 
6,2.531741841147999, -1.511453541117261, 0.197812469797684, 0.810008432538133, -0.560726649605312, -1.724416331920875, 
7,2.531741841147999, 1.630139112472529, 2.943780183792106, -2.331584221051667, -0.560726649605312, -1.724416331920875, 
7, 8
-0.173078, 0.628683, -0.758157, -0.856801, -0.475743, -0.198901, -0.485733, 0.615164, 0.620997,0.043429, 0.137639, 0.410688
0,3.002266193708321, 2.692821264266979, -0.994550466537478, -2.641286678805914, 2.954138316136202, 2.267260120197046, 
1,3.002266193708321, -0.448771389322821, -2.147042187052312, 0.500305974783876, 2.954138316136202, 2.267260120197046, 
2,3.002266193708321, 2.692821264266978, -0.994550466537479, 0.500305974783873, -2.954138316136202, -0.874332533392743, 
3,3.002266193708321, -0.448771389322822, -2.147042187052311, -2.641286678805927, -2.954138316136202, -0.874332533392743, 
4,2.701370954513548, -2.692821264267033, -0.994550466537506, -0.711524875956109, 3.111419677734423, -0.583329113321812, 
5,2.701370954513548, 0.448771389322756, -2.147042187052285, 2.430067777633680, 3.111419677734423, -0.583329113321812, 
6,2.701370954513548, -2.692821264267033, -0.994550466537505, 2.430067777633678, -3.111419677734423, 2.558263540267988, 
7,2.701370954513548, 0.448771389322756, -2.147042187052285, -0.711524875956123, -3.111419677734423, 2.558263540267988, 
8, 8
0.500243, 0.842659, -0.199204, 0.802772, -0.365118, 0.471429, 0.324522, -0.395745, -0.859111,0.182289, 0.085511, 0.360422
0,2.170226909493565, 1.119221925735475, -1.106914758682251, 1.418501542883005, 0.979011337728626, 1.502586876138684, 
1,2.170226909493565, -2.022370727854326, -2.034677894907539, -1.723091110706795, 0.979011337728626, 1.502586876138684, 
2,2.170226909493565, 1.119221925735462, -1.106914758682252, -1.723091110706781, -0.979011337728626, -1.639005777451116, 
3,2.170226909493565, -2.022370727854339, -2.034677894907538, 1.418501542883009, -0.979011337728626, -1.639005777451116, 
4,1.681714296340939, -1.119221925735483, -1.106914758682246, -2.815082462626040, 0.708046674728390, 1.201343210535592, 
5,1.681714296340939, 2.022370727854307, -2.034677894907544, 0.326510190963749, 0.708046674728390, 1.201343210535592, 
6,1.681714296340939, -1.119221925735480, -1.106914758682242, 0.326510190963744, -0.708046674728390, -1.940249443054208, 
7,1.681714296340939, 2.022370727854310, -2.034677894907548, -2.815082462626056, -0.708046674728390, -1.940249443054208, 
9, 8
0.255096, -0.881999, -0.396237, -0.411751, -0.469872, 0.780821, -0.874864, -0.036034, -0.483026,0.122435, 0.035203, 0.250663
0,2.086445093154909, 0.162273557978219, -0.440388830500194, -0.851905258493964, 0.535953760147095, -0.892182111740110, 
1,2.086445093154909, -2.979319095611581, -2.701203823089596, 2.289687395095825, 0.535953760147095, -0.892182111740110, 
2,2.086445093154909, 0.162273557978222, -0.440388830500196, 2.289687395095822, -0.535953760147095, 2.249410541849679, 
3,2.086445093154909, -2.979319095611578, -2.701203823089594, -0.851905258493979, -0.535953760147095, 2.249410541849679, 
4,1.833025816158557, -0.162273557978222, -0.440388830500193, -0.336855471059897, 0.687657780129016, -0.714291350975385, 
5,1.833025816158557, 2.979319095611568, -2.701203823089597, 2.804737182529892, 0.687657780129016, -0.714291350975385, 
6,1.833025816158557, -0.162273557978220, -0.440388830500198, 2.804737182529890, -0.687657780129016, 2.427301302614405, 
7,1.833025816158557, 2.979319095611569, -2.701203823089592, -0.336855471059911, -0.687657780129016, 2.427301302614405, 
10, 8
-0.309723, -0.504232, 0.806115, 0.940269, -0.288416, 0.180861, 0.141301, 0.813982, 0.563443,-0.025027, 0.205041, 0.409601
0,-2.921521663665770, 2.536958368616642, -1.182271273928235, 1.102633150415966, 0.362745285034178, -0.068958997726447, 
1,-2.921521663665770, -0.604634284973158, -1.959321379661555, -2.038959503173834, 0.362745285034178, -0.068958997726447, 
2,-2.921521663665770, 2.536958368616648, -1.182271273928234, -2.038959503173826, -0.362745285034178, 3.072633655863354, 
3,-2.921521663665770, -0.604634284973153, -1.959321379661557, 1.102633150415963, -0.362745285034178, 3.072633655863354, 
4,3.101543185963451, -2.536958368616617, -1.182271273928231, 0.288915090592032, 0.215802722589240, 0.354390995715312, 
5,3.101543185963451, 0.604634284973173, -1.959321379661559, -2.852677562997768, 0.215802722589240, 0.354390995715312, 
6,3.101543185963451, -2.536958368616616, -1.182271273928229, -2.852677562997755, -0.215802722589240, -2.787201657874478, 
7,3.101543185963451, 0.604634284973174, -1.959321379661561, 0.288915090592035, -0.215802722589240, -2.787201657874478, 
11, 8
0.017617, -0.961023, 0.275906, -0.999111, -0.027492, -0.031964, 0.038303, -0.275097, -0.960653,0.010419, -0.059320, 0.377733
0,3.033114671707152, 1.909176588058930, 1.440901994705237, 2.836894750592422, 0.005860567092964, 2.780198335644458, 
1,3.033114671707152, -1.232416065530870, 1.700690658884553, -0.304697902997378, 0.005860567092964, 2.780198335644458, 
2,3.033114671707152, 1.909176588058930, 1.440901994705237, -0.304697902997378, -0.005860567092964, -0.361394317945342, 
3,3.033114671707152, -1.232416065530871, 1.700690658884553, 2.836894750592411, -0.005860567092964, -0.361394317945342, 
4,-2.401944006692627, -1.909176588058454, 1.440901994705202, 1.240007522056139, 0.598920636135565, -1.312066534510087, 
5,-2.401944006692627, 1.232416065531336, 1.700690658884588, -1.901585131533662, 0.598920636135565, -1.312066534510087, 
6,-2.401944006692627, -1.909176588058484, 1.440901994705200, -1.901585131533691, -0.598920636135565, 1.829526119079702, 
7,-2.401944006692627, 1.232416065531305, 1.700690658884590, 1.240007522056098, -0.598920636135565, 1.829526119079702, 
12, 8
-0.582564, 0.811353, -0.048226, -0.577182, -0.371192, 0.727377, 0.572258, 0.451579, 0.684542,-0.112864, 0.002866, 0.485799
0,-1.296053647994995, 2.708824308710637, -0.088969143229080, 0.849395990371702, 1.142700552940368, 0.117549808817450, 
1,-1.296053647994995, -0.432768344879163, -3.052623510360710, -2.292196663218099, 1.142700552940368, 0.117549808817450, 
2,-1.296053647994995, 2.708824308710642, -0.088969143229076, -2.292196663218089, -1.142700552940368, -3.024042844772340, 
3,-1.296053647994995, -0.432768344879158, -3.052623510360714, 0.849395990371701, -1.142700552940368, -3.024042844772340, 
4,-2.248549190856320, -2.708824308710638, -0.088969143229077, 0.030006624549848, 0.523609953114330, 0.500084899862687, 
5,-2.248549190856320, 0.432768344879151, -3.052623510360713, -3.111586029039952, 0.523609953114330, 0.500084899862687, 
6,-2.248549190856320, -2.708824308710638, -0.088969143229074, -3.111586029039939, -0.523609953114330, -2.641507753727103, 
7,-2.248549190856320, 0.432768344879152, -3.052623510360716, 0.030006624549850, -0.523609953114330, -2.641507753727103, 
13, 8
-0.259131, 0.916353, -0.305203, -0.954147, -0.193851, 0.228089, 0.149846, 0.350313, 0.924568,0.065637, -0.181965, 0.425892
0,0.617780358058228, 2.600986480712888, -1.003264665603633, -2.966150532424373, 0.627171735754845, 1.307817203962434, 
1,0.617780358058228, -0.540606172876913, -2.138327987986157, 0.175442121165416, 0.627171735754845, 1.307817203962434, 
2,0.617780358058228, 2.600986480712887, -1.003264665603637, 0.175442121165427, -0.627171735754845, -1.833775449627356, 
3,0.617780358058228, -0.540606172876914, -2.138327987986154, -2.966150532424374, -0.627171735754845, -1.833775449627356, 
4,0.267659664154046, -2.600986480712892, -1.003264665603632, 2.300744771957392, 0.865524053573610, 1.428688764572140, 
5,0.267659664154046, 0.540606172876898, -2.138327987986158, -0.840847881632409, 0.865524053573610, 1.428688764572140, 
6,0.267659664154046, -2.600986480712884, -1.003264665603635, -0.840847881632403, -0.865524053573610, -1.712903889017649, 
7,0.267659664154046, 0.540606172876906, -2.138327987986155, 2.300744771957386, -0.865524053573610, -1.712903889017649, 
14, 8
0.628338, -0.372103, -0.683177, -0.317031, -0.924435, 0.211925, -0.710410, 0.083428, -0.698825,0.029191, -0.037099, 0.353359
0,-2.779504776000923, 2.953561695414972, 1.552223118143627, -2.340708255766959, 1.038343429565407, 2.126915844278919, 
1,-2.779504776000923, -0.188030958174828, 1.589369535446163, 0.800884397822831, 1.038343429565407, 2.126915844278919, 
2,-2.779504776000923, 2.953561695415211, 1.552223118143633, 0.800884397823067, -1.038343429565407, -1.014676809310881, 
3,-2.779504776000923, -0.188030958174589, 1.589369535446157, -2.340708255766733, -1.038343429565407, -1.014676809310881, 
4,-2.754610904133890, -2.953561695414976, 1.552223118143627, -1.955294478686595, 1.028550018059646, 2.144422037144001, 
5,-2.754610904133890, 0.188030958174814, 1.589369535446163, 1.186298174903195, 1.028550018059646, 2.144422037144001, 
6,-2.754610904133890, -2.953561695414680, 1.552223118143621, 1.186298174903496, -1.028550018059646, -0.997170616445799, 
7,-2.754610904133890, 0.188030958175110, 1.589369535446169, -1.955294478686305, -1.028550018059646, -0.997170616445799, 
15, 8
0.213982, -0.027533, -0.976450, 0.931383, -0.295625, 0.212442, -0.294512, -0.954907, -0.037614,0.012895, 0.056381, 0.359785
0,-0.354977255761722, 0.819864988327045, 1.520689249038698, 2.066096240948139, 0.279943993176202, -1.950840979188434, 
1,-0.354977255761722, -2.321727665262756, 1.620903404551092, -1.075496412641661, 0.279943993176202, -1.950840979188434, 
2,-0.354977255761722, 0.819864988327010, 1.520689249038698, -1.075496412641695, -0.279943993176202, 1.190751674401356, 
3,-0.354977255761722, -2.321727665262790, 1.620903404551092, 2.066096240948095, -0.279943993176202, 1.190751674401356, 
4,-0.092890262603766, -0.819864988326997, 1.520689249038698, 1.087788343429584, 0.281175374984742, -1.256565570831310, 
5,-0.092890262603766, 2.321727665262793, 1.620903404551092, -2.053804310160216, 0.281175374984742, -1.256565570831310, 
6,-0.092890262603766, -0.819864988327029, 1.520689249038698, -2.053804310160248, -0.281175374984742, 1.885027082758480, 
7,-0.092890262603766, 2.321727665262761, 1.620903404551092, 1.087788343429542, -0.281175374984742, 1.885027082758480, 
16, 8
-0.584658, 0.689740, -0.427124, 0.323916, 0.681159, 0.656583, 0.743810, 0.245524, -0.621662,-0.146504, 0.071532, 0.477583
0,-1.914894939825326, 2.967302711802068, -0.654203804331376, 1.238060836887764, 0.070230037043409, 2.197287649651853, 
1,-1.914894939825326, -0.174289941787733, -2.487388849258414, -1.903531816702036, 0.070230037043409, 2.197287649651853, 
2,-1.914894939825326, 2.967302711802069, -0.654203804331376, -1.903531816702023, -0.070230037043409, -0.944305003937937, 
3,-1.914894939825326, -0.174289941787732, -2.487388849258414, 1.238060836887767, -0.070230037043409, -0.944305003937937, 
4,-2.121170520782482, -2.967302711802066, -0.654203804331372, 2.459731340408339, 0.128815889358519, -2.483120830851121, 
5,-2.121170520782482, 0.174289941787723, -2.487388849258418, -0.681861313181461, 0.128815889358519, -2.483120830851121, 
6,-2.121170520782482, -2.967302711802065, -0.654203804331373, -0.681861313181448, -0.128815889358519, 0.658471822738679, 
7,-2.121170520782482, 0.174289941787725, -2.487388849258417, 2.459731340408342, -0.128815889358519, 0.658471822738679, 
17, 8
0.155490, -0.987760, -0.012403, 0.965642, 0.154631, -0.208866, 0.208227, 0.020500, 0.977866,0.040003, 0.168824, 0.362974
0,-2.593747392503538, 1.426462086039136, -0.227296026545115, 1.103228150056709, 0.720883659522405, -2.027118606411874, 
1,-2.593747392503538, -1.715130567550664, -2.914296627044675, -2.038364503533091, 0.720883659522405, -2.027118606411874, 
2,-2.593747392503538, 1.426462086039132, -0.227296026545117, -2.038364503533088, -0.720883659522405, 1.114474047177915, 
3,-2.593747392503538, -1.715130567550669, -2.914296627044673, 1.103228150056701, -0.720883659522405, 1.114474047177915, 
4,2.099929571151730, -1.426462086039136, -0.227296026545115, 2.187306165695192, 0.575473546981808, 2.224595697718212, 
5,2.099929571151730, 1.715130567550653, -2.914296627044675, -0.954286487894608, 0.575473546981808, 2.224595697718212, 
6,2.099929571151730, -1.426462086039139, -0.227296026545113, -0.954286487894607, -0.575473546981808, -0.916996955871589, 
7,2.099929571151730, 1.715130567550650, -2.914296627044677, 2.187306165695183, -0.575473546981808, -0.916996955871589, 
18, 8
-0.577018, -0.803653, 0.145578, -0.806724, 0.588639, 0.051979, -0.127466, -0.087448, -0.987980,0.090731, 0.032339, 0.463471
0,2.303263425827029, 2.832185983657843, -0.377983331680297, -1.840001344680786, 1.992931127548218, -2.652459383010870, 
1,2.303263425827029, -0.309406669931957, -2.763609321909493, 1.301591308909003, 1.992931127548218, -2.652459383010870, 
2,2.303263425827029, 2.832185983657836, -0.377983331680298, 1.301591308909007, -1.992931127548218, 0.489133270578930, 
3,2.303263425827029, -0.309406669931964, -2.763609321909492, -1.840001344680793, -1.992931127548218, 0.489133270578930, 
4,1.795205377667056, -2.832185983657828, -0.377983331680293, -2.370948023553715, 2.180886348837484, -3.012875344687429, 
5,1.795205377667056, 0.309406669931962, -2.763609321909497, 0.770644630036075, 2.180886348837484, -3.012875344687429, 
6,1.795205377667056, -2.832185983657833, -0.377983331680297, 0.770644630036076, -2.180886348837484, 0.128717308902371, 
7,1.795205377667056, 0.309406669931956, -2.763609321909493, -2.370948023553724, -2.180886348837484, 0.128717308902371, 
19, 8
-0.506175, 0.789699, 0.346644, 0.530050, 0.601924, -0.597272, -0.680319, -0.118585, -0.723259,0.070402, 0.028081, 0.424699
0,2.728687047958378, 2.353426218032830, 0.299510002136247, -1.963535698252267, 3.127282142639143, -0.740425976114822, 
1,2.728687047958378, -0.788166435556970, 2.842082651453543, 1.178056955337523, 3.127282142639143, -0.740425976114822, 
2,2.728687047958378, 2.353426218032830, 0.299510002136247, 1.178056955337520, -3.127282142639143, 2.401166677474979, 
3,2.728687047958378, -0.788166435556970, 2.842082651453544, -1.963535698252281, -3.127282142639143, 2.401166677474979, 
4,0.709472437997162, -2.353426218032829, 0.299510002136228, -1.078741633731765, 1.842810209369586, 2.502368577986354, 
5,0.709472437997162, 0.788166435556960, 2.842082651453562, 2.062851019858025, 1.842810209369586, 2.502368577986354, 
6,0.709472437997162, -2.353426218032836, 0.299510002136231, 2.062851019858024, -1.842810209369586, -0.639224075603435, 
7,0.709472437997162, 0.788166435556954, 2.842082651453559, -1.078741633731776, -1.842810209369586, -0.639224075603435, 
20, 8
0.117264, -0.167202, -0.978924, -0.530612, -0.843778, 0.080557, -0.839464, 0.509982, -0.187665,-0.027082, 0.167076, 0.346359
0,-2.975493985515048, 0.080172538794321, -1.558698892593366, -1.617359807352832, 2.132357229555292, -1.280074095731599, 
1,-2.975493985515048, -3.061420114795479, -1.582893760996424, 1.524232846236957, 2.132357229555292, -1.280074095731599, 
2,-2.975493985515048, 0.080172538794794, -1.558698892593366, 1.524232846236496, -2.132357229555292, 1.861518557858191, 
3,-2.975493985515048, -3.061420114795006, -1.582893760996424, -1.617359807353304, -2.132357229555292, 1.861518557858191, 
4,-2.976619958877833, -0.080172538795494, -1.558698892593338, -1.457523258486429, 2.132384300231941, -1.279115589456871, 
5,-2.976619958877833, 3.061420114794296, -1.582893760996452, 1.684069395103361, 2.132384300231941, -1.279115589456871, 
6,-2.976619958877833, -0.080172538794995, -1.558698892593347, 1.684069395102867, -2.132384300231941, 1.862477064132919, 
7,-2.976619958877833, 3.061420114794794, -1.582893760996443, -1.457523258486933, -2.132384300231941, 1.862477064132919, 
avg time: 56.407000 ms   over 20 tests 
